0 0.4013586956521739 0.716304347826087 0.022282608695652174 0.012318840579710146
0 0.32771739130434785 0.6409420289855072 0.02717391304347826 0.010869565217391304
0 0.2184782608695652 0.6688405797101449 0.03695652173913044 0.015942028985507246
0 0.17907608695652175 0.6539855072463768 0.045108695652173916 0.01956521739130435
0 0.23695652173913043 0.586231884057971 0.02608695652173913 0.004347826086956522
0 0.1592391304347826 0.6126811594202899 0.020652173913043477 0.009420289855072464
0 0.1361413043478261 0.6405797101449275 0.017934782608695653 0.005797101449275362
0 0.15543478260869564 0.5833333333333334 0.009782608695652175 0.002898550724637681
0 0.02092391304347826 0.5840579710144927 0.01141304347826087 0.004347826086956522
0 0.04565217391304348 0.6170289855072464 0.008695652173913044 0.006521739130434782
