0 0.27418478260869567 0.6286231884057971 0.057065217391304345 0.013768115942028985
0 0.3611413043478261 0.5543478260869565 0.06032608695652174 0.02463768115942029
0 0.5255434782608696 0.5760869565217391 0.03260869565217391 0.03768115942028986
0 0.5576086956521739 0.5952898550724638 0.03804347826086957 0.02681159420289855
0 0.6366847826086957 0.5753623188405798 0.06467391304347826 0.034782608695652174
0 0.5668478260869565 0.5489130434782609 0.05217391304347826 0.021014492753623187
0 0.5334239130434782 0.5293478260869565 0.03858695652173913 0.02681159420289855
0 0.5864130434782608 0.5239130434782608 0.01847826086956522 0.008695652173913044
0 0.58125 0.5068840579710145 0.01141304347826087 0.005072463768115942
0 0.5271739130434783 0.49130434782608695 0.014130434782608696 0.005797101449275362
0 0.5092391304347826 0.4771739130434783 0.014130434782608696 0.005072463768115942
0 0.44565217391304346 0.47681159420289854 0.015217391304347827 0.004347826086956522
0 0.47119565217391307 0.4572463768115942 0.006521739130434782 0.002898550724637681
